1 0.61484375 0.65 0.040625 0.05
4 0.52265625 0.53125 0.0078125 0.00625
8 0.00859375 0.753125 0.015625 0.059375
4 0.48515625 0.46015625 0.00625 0.0203125
4 0.50234375 0.47578125 0.00625 0.0203125
4 0.4921875 0.46640625 0.00625 0.0203125
4 0.4484375 0.70546875 0.0140625 0.0171875
4 0.3625 0.6703125 0.0140625 0.015625
4 0.115625 0.26015625 0.0140625 0.0140625
8 0.73359375 0.7234375 0.0328125 0.046875
8 0.015625 0.6328125 0.0296875 0.06875
9 0.14140625 0.096875 0.0296875 0.06875
8 0.05390625 0.56640625 0.0359375 0.0640625
8 0.53046875 0.5671875 0.034375 0.04375
8 0.40234375 0.46640625 0.0359375 0.0421875
8 0.28203125 0.53203125 0.046875 0.0546875
8 0.0125 0.31484375 0.0234375 0.0390625
8 0.92734375 0.890625 0.0328125 0.040625
8 0.77890625 0.76484375 0.0328125 0.0390625
8 0.878125 0.84765625 0.0453125 0.0484375
8 0.31953125 0.50703125 0.0375 0.0453125
8 0.57109375 0.60078125 0.0359375 0.0421875
8 0.1609375 0.43671875 0.0390625 0.0484375
8 0.37890625 0.553125 0.034375 0.04375
8 0.01796875 0.37890625 0.034375 0.0484375
8 0.44609375 0.50390625 0.0375 0.0484375
8 0.19140625 0.409375 0.040625 0.046875
8 0.81640625 0.7953125 0.040625 0.046875
4 0.08984375 0.1515625 0.0125 0.025
1 0.0359375 0.23203125 0.034375 0.0421875
4 0.18046875 0.57734375 0.0140625 0.0171875
4 0.3515625 0.6984375 0.0078125 0.021875
4 0.35859375 0.70390625 0.0078125 0.0171875
9 0.02890625 0.671875 0.0265625 0.071875