8 0.659375 0.146875 0.0390625 0.0875
8 0.596875 0.60625 0.04375 0.0328125
8 0.91171875 0.58671875 0.04375 0.034375
8 0.79609375 0.66796875 0.046875 0.0359375
8 0.37421875 0.68984375 0.053125 0.040625
8 0.7265625 0.59375 0.0515625 0.0359375
8 0.22578125 0.63515625 0.0515625 0.0375
8 0.8203125 0.41328125 0.05625 0.0375
8 0.86328125 0.2828125 0.05625 0.0390625
8 0.3875 0.61171875 0.05 0.0390625
8 0.97578125 0.278125 0.0484375 0.0390625
8 0.4078125 0.4390625 0.0546875 0.040625
8 0.2 0.7046875 0.059375 0.0421875
8 0.6046875 0.43125 0.05 0.0375
8 0.33828125 0.38359375 0.046875 0.0359375
8 0.515625 0.6921875 0.05 0.0359375
8 0.57265625 0.0890625 0.028125 0.0875
8 0.90859375 0.35234375 0.053125 0.0375
8 0.66015625 0.6765625 0.0484375 0.0359375
8 0.7546875 0.26796875 0.05 0.04375
8 0.009375 0.584375 0.0171875 0.0390625
8 0.01484375 0.72421875 0.0296875 0.0359375
8 0.8609375 0.48828125 0.0546875 0.0375
8 0.53203125 0.3671875 0.053125 0.0390625
1 0.0625 0.415625 0.125 0.075
8 0.99375 0.65 0.0125 0.0375
9 0.13828125 0.5765625 0.16875 0.059375
8 0.034375 0.653125 0.0625 0.040625
3 0.50859375 0.93359375 0.0109375 0.0140625
3 0.68515625 0.06796875 0.0078125 0.0203125
3 0.709375 0.1 0.0078125 0.0203125
3 0.7625 0.21171875 0.009375 0.0140625
3 0.50546875 0.90546875 0.0078125 0.0140625
3 0.6828125 0.009375 0.00625 0.0171875
3 0.69296875 0.021875 0.0078125 0.0171875
3 0.69140625 0.00546875 0.0078125 0.009375