8 0.40546875 0.3703125 0.0796875 0.128125
8 0.47421875 0.23828125 0.0796875 0.11875
8 0.3640625 0.4296875 0.08125 0.134375
8 0.5078125 0.18125 0.0796875 0.140625
8 0.43828125 0.30078125 0.0828125 0.128125
8 0.134375 0.796875 0.1046875 0.1734375
8 0.18828125 0.72578125 0.0875 0.1640625
8 0.27890625 0.56953125 0.071875 0.1328125
8 0.23359375 0.65390625 0.090625 0.1640625
8 0.53828125 0.12578125 0.078125 0.1140625
8 0.31640625 0.490625 0.071875 0.1203125
3 0.015625 0.80859375 0.0296875 0.04375
8 0.07421875 0.88671875 0.0828125 0.1296875