8 0.91328125 0.82109375 0.04375 0.046875
8 0.41875 0.53046875 0.01875 0.071875
8 0.42265625 0.8765625 0.0203125 0.0890625
8 0.49453125 0.82734375 0.01875 0.08125
8 0.4203125 0.70859375 0.0203125 0.084375
8 0.5265625 0.91484375 0.01875 0.0765625
8 0.52109375 0.43671875 0.01875 0.0828125
8 0.49140625 0.62421875 0.01875 0.08125
8 0.41171875 0.04453125 0.0203125 0.0859375
9 0.45546875 0.02890625 0.0234375 0.0578125
1 0.521875 0.59921875 0.025 0.1
3 0.38671875 0.88515625 0.00625 0.015625
3 0.39296875 0.89296875 0.00625 0.0140625
3 0.39296875 0.8484375 0.00625 0.01875
3 0.3984375 0.8921875 0.00625 0.01875
3 0.39921875 0.84921875 0.00625 0.015625
3 0.40546875 0.80625 0.00625 0.0140625
3 0.3921875 0.77578125 0.0078125 0.0140625
3 0.4 0.78046875 0.00625 0.0109375
3 0.3875 0.73203125 0.00625 0.0171875
3 0.39453125 0.74140625 0.00625 0.0109375
3 0.56171875 0.83046875 0.0046875 0.009375