8 0.625 0.83671875 0.0375 0.0859375
8 0.6828125 0.59609375 0.059375 0.0453125
8 0.5921875 0.35859375 0.0359375 0.0265625
8 0.63515625 0.5125 0.05 0.04375
8 0.16171875 0.5421875 0.046875 0.034375
8 0.834375 0.96640625 0.0625 0.0609375
8 0.228125 0.43203125 0.0421875 0.0265625
8 0.6734375 0.5484375 0.059375 0.040625
8 0.18828125 0.36953125 0.0375 0.0296875
8 0.309375 0.60390625 0.0546875 0.0421875
8 0.74453125 0.9140625 0.0640625 0.0765625
8 0.5421875 0.47890625 0.05 0.0359375
8 0.6234375 0.4046875 0.0390625 0.021875
8 0.23984375 0.5734375 0.0390625 0.034375
8 0.5375 0.409375 0.05625 0.04375
3 0.7484375 0.61015625 0.0109375 0.040625
8 0.17109375 0.58203125 0.046875 0.0390625
8 0.9875 0.54375 0.025 0.0515625
3 0.7265625 0.62421875 0.0109375 0.0265625
3 0.78359375 0.6890625 0.0109375 0.0296875
3 0.2875 0.46328125 0.0078125 0.03125
3 0.72578125 0.75859375 0.0078125 0.028125
8 0.55546875 0.51875 0.046875 0.03125
3 0.97578125 0.65390625 0.0140625 0.046875
3 0.7375 0.7734375 0.0109375 0.0328125
8 0.97421875 0.39296875 0.04375 0.034375
3 0.77109375 0.6078125 0.009375 0.028125
3 0.65078125 0.70703125 0.0109375 0.0328125
8 0.70390625 0.6515625 0.0625 0.0546875
3 0.6359375 0.71015625 0.0078125 0.0296875
3 0.78671875 0.5484375 0.0078125 0.028125
3 0.67265625 0.7046875 0.0078125 0.0296875
3 0.7609375 0.52890625 0.0078125 0.034375
3 0.853125 0.65546875 0.009375 0.034375
1 0.39765625 0.5 0.103125 0.059375
3 0.74296875 0.25703125 0.0046875 0.01875
3 0.76953125 0.653125 0.00625 0.0265625
8 0.06484375 0.26640625 0.0203125 0.03125
8 0.028125 0.1203125 0.0125 0.046875
8 0.01640625 0.1515625 0.0171875 0.04375
8 0.2078125 0.6140625 0.0515625 0.025
8 0.31171875 0.571875 0.0515625 0.034375
8 0.40078125 0.5375 0.04375 0.03125
8 0.54375 0.5765625 0.0734375 0.05625
1 0.57109375 0.5484375 0.078125 0.046875
8 0.771875 0.78671875 0.059375 0.0625
8 0.934375 0.56484375 0.059375 0.0359375
8 0.94765625 0.59453125 0.0546875 0.0265625
8 0.85703125 0.44609375 0.046875 0.0375
8 0.91328125 0.4234375 0.04375 0.03125
8 0.90234375 0.40078125 0.040625 0.0296875
8 0.846875 0.4109375 0.0421875 0.034375
8 0.8375 0.38984375 0.0375 0.0265625
8 0.82421875 0.3671875 0.0375 0.034375
1 0.8796875 0.34921875 0.0546875 0.0375
8 0.61015625 0.384375 0.0390625 0.0234375
8 0.58984375 0.434375 0.0375 0.021875
8 0.59375 0.45859375 0.0375 0.021875
1 0.6328125 0.47421875 0.0625 0.046875
8 0.46875 0.35078125 0.0515625 0.05
8 0.50234375 0.2984375 0.015625 0.0375
8 0.59609375 0.28359375 0.0125 0.0328125
8 0.45859375 0.178125 0.0140625 0.0328125
8 0.47421875 0.17578125 0.0125 0.034375
8 0.4921875 0.171875 0.015625 0.0359375
8 0.51328125 0.1703125 0.0109375 0.025
8 0.50859375 0.1390625 0.0125 0.021875
8 0.51171875 0.11640625 0.0140625 0.025
8 0.525 0.11796875 0.0109375 0.021875
8 0.234375 0.415625 0.040625 0.0234375
3 0.57265625 0.65234375 0.00625 0.03125
3 0.59609375 0.71953125 0.0046875 0.0265625
3 0.60859375 0.71796875 0.0078125 0.0296875
3 0.6203125 0.71328125 0.0078125 0.028125
3 0.69140625 0.7015625 0.00625 0.028125
3 0.71796875 0.70078125 0.0046875 0.0296875
3 0.73984375 0.6953125 0.00625 0.025
3 0.75703125 0.69140625 0.0046875 0.021875
3 0.74765625 0.66171875 0.0046875 0.0203125
3 0.75234375 0.65703125 0.00625 0.0265625
3 0.79765625 0.6859375 0.00625 0.025
3 0.80859375 0.684375 0.0046875 0.025
3 0.81796875 0.68125 0.0046875 0.0234375
3 0.8140625 0.740625 0.009375 0.0265625
3 0.825 0.74921875 0.0078125 0.028125
3 0.821875 0.7875 0.009375 0.025
3 0.796875 0.83671875 0.009375 0.03125
3 0.984375 0.803125 0.0125 0.0265625
3 0.9859375 0.765625 0.009375 0.0296875
3 0.96875 0.7234375 0.0109375 0.034375
3 0.93359375 0.77734375 0.0078125 0.0234375
3 0.91796875 0.78203125 0.0078125 0.034375
3 0.91015625 0.7875 0.0078125 0.0265625
3 0.89140625 0.75625 0.0078125 0.0296875
3 0.9125 0.74375 0.009375 0.021875
3 0.903125 0.7359375 0.0078125 0.0265625
3 0.8484375 0.75703125 0.0078125 0.03125
3 0.83359375 0.7828125 0.0078125 0.0265625
3 0.84296875 0.725 0.00625 0.0265625
3 0.8546875 0.72265625 0.009375 0.0265625
3 0.86640625 0.7140625 0.0109375 0.028125
3 0.86640625 0.7421875 0.00625 0.0265625
3 0.8859375 0.69140625 0.009375 0.03125
3 0.9375 0.6984375 0.0078125 0.028125
3 0.96171875 0.67109375 0.0078125 0.0296875
3 0.8875 0.59296875 0.0078125 0.025
3 0.859375 0.61796875 0.0078125 0.0234375
3 0.87734375 0.64375 0.00625 0.0203125
3 0.85546875 0.59140625 0.00625 0.0234375
3 0.81875 0.6203125 0.0078125 0.0265625
3 0.8203125 0.56640625 0.00625 0.021875
3 0.8015625 0.553125 0.0046875 0.025
3 0.76953125 0.56796875 0.00625 0.025
3 0.76015625 0.584375 0.0078125 0.025
3 0.75078125 0.48203125 0.0046875 0.0203125
3 0.759375 0.49921875 0.0046875 0.01875
3 0.746875 0.4390625 0.0046875 0.0265625
3 0.73671875 0.42421875 0.0046875 0.025
3 0.74140625 0.41796875 0.0046875 0.021875
3 0.7640625 0.425 0.0046875 0.021875
3 0.775 0.42890625 0.0046875 0.01875
3 0.78515625 0.434375 0.00625 0.0203125
3 0.77734375 0.47265625 0.0046875 0.0203125
3 0.78203125 0.47421875 0.0046875 0.021875
3 0.75 0.3796875 0.0046875 0.0203125
3 0.74609375 0.378125 0.003125 0.015625
3 0.74140625 0.371875 0.003125 0.021875
3 0.7375 0.36796875 0.0046875 0.0203125
3 0.759375 0.38828125 0.0046875 0.021875
3 0.77265625 0.40703125 0.0046875 0.01875
3 0.77109375 0.42578125 0.0046875 0.01875
3 0.75078125 0.34296875 0.0046875 0.021875
3 0.7453125 0.3390625 0.0046875 0.01875
3 0.74765625 0.3203125 0.003125 0.0109375
3 0.7859375 0.3421875 0.0046875 0.021875
3 0.890625 0.303125 0.00625 0.0203125
3 0.7265625 0.25546875 0.0046875 0.0203125
3 0.7140625 0.26796875 0.0046875 0.01875
3 0.80390625 0.321875 0.0046875 0.015625
3 0.80859375 0.32421875 0.0046875 0.015625
3 0.82890625 0.32109375 0.0046875 0.015625
3 0.79609375 0.3375 0.0046875 0.015625
3 0.8125 0.3921875 0.00625 0.0171875
3 0.8046875 0.428125 0.0046875 0.0203125
3 0.821875 0.421875 0.0046875 0.01875
3 0.81484375 0.42421875 0.003125 0.009375
3 0.8109375 0.43828125 0.00625 0.021875
3 0.79375 0.2671875 0.0046875 0.0203125
3 0.78671875 0.27109375 0.003125 0.01875
3 0.78203125 0.27421875 0.0046875 0.01875
3 0.77734375 0.27734375 0.0046875 0.01875
3 0.7640625 0.28046875 0.0046875 0.015625
3 0.75625 0.2890625 0.0046875 0.015625
3 0.76328125 0.34140625 0.003125 0.0171875
3 0.76640625 0.35078125 0.003125 0.0140625
3 0.86953125 0.31171875 0.00625 0.0234375
3 0.9015625 0.2265625 0.003125 0.0140625
3 0.75859375 0.31953125 0.0046875 0.0203125
3 0.77109375 0.36875 0.0046875 0.0203125
3 0.77578125 0.37890625 0.003125 0.0171875
3 0.77890625 0.3859375 0.0046875 0.01875
3 0.7828125 0.390625 0.0046875 0.0171875
3 0.79375 0.49140625 0.0046875 0.021875
3 0.8265625 0.66640625 0.00625 0.025
3 0.77265625 0.66328125 0.0078125 0.028125
3 0.853125 0.69453125 0.0078125 0.0203125
3 0.8359375 0.7375 0.0078125 0.0203125
3 0.8 0.259375 0.0046875 0.0171875
3 0.8046875 0.259375 0.0046875 0.01875
3 0.4625 0.00859375 0.003125 0.009375
3 0.4578125 0.009375 0.0015625 0.009375
8 0.43828125 0.00703125 0.0078125 0.0140625
8 0.44765625 0.00703125 0.00625 0.0109375
3 0.94140625 0.46640625 0.00625 0.0234375
3 0.92265625 0.46640625 0.0046875 0.015625
3 0.89375 0.46171875 0.00625 0.015625
3 0.90234375 0.5015625 0.0046875 0.01875
3 0.87421875 0.47578125 0.0046875 0.015625
3 0.86953125 0.47109375 0.0046875 0.015625
3 0.85 0.465625 0.0046875 0.01875
3 0.8 0.415625 0.0046875 0.0234375
3 0.8625 0.5875 0.0078125 0.0234375
3 0.87734375 0.590625 0.0109375 0.0203125
3 0.89765625 0.6015625 0.0078125 0.0203125
3 0.90390625 0.615625 0.00625 0.01875
3 0.9328125 0.67109375 0.009375 0.0296875
3 0.90625 0.64921875 0.00625 0.0234375
3 0.89609375 0.64765625 0.00625 0.0234375
3 0.96015625 0.64375 0.0078125 0.01875
3 0.9484375 0.63203125 0.00625 0.0234375
3 0.890625 0.55546875 0.00625 0.021875
3 0.9625 0.45078125 0.00625 0.0234375
3 0.97421875 0.44609375 0.00625 0.021875
3 0.98125 0.45625 0.0078125 0.021875
3 0.990625 0.47578125 0.0078125 0.0203125
3 0.99609375 0.49453125 0.00625 0.01875
3 0.9953125 0.2921875 0.0046875 0.021875
3 0.9765625 0.309375 0.0046875 0.01875
3 0.875 0.3140625 0.0046875 0.015625
3 0.9609375 0.3265625 0.00625 0.01875
8 0.94921875 0.35703125 0.0421875 0.0265625
8 0.96328125 0.37890625 0.0421875 0.0234375
8 0.9203125 0.5328125 0.059375 0.0359375
3 0.29375 0.45625 0.00625 0.0234375
8 0.3609375 0.36875 0.0375 0.0265625
9 0.01875 0.19375 0.025 0.046875
8 0.434375 0.05546875 0.0125 0.0234375
8 0.43359375 0.02578125 0.009375 0.01875
8 0.48203125 0.0078125 0.021875 0.0140625
3 0.93046875 0.7484375 0.0109375 0.0328125