8 0.7234375 0.96640625 0.028125 0.0265625
8 0.72578125 0.934375 0.028125 0.0234375
8 0.38203125 0.584375 0.028125 0.0203125
8 0.2890625 0.571875 0.0328125 0.0203125
8 0.628125 0.515625 0.0359375 0.0234375
1 0.221875 0.45390625 0.053125 0.0296875
8 0.05078125 0.478125 0.0265625 0.0203125
1 0.59609375 0.91796875 0.0203125 0.065625
8 0.93203125 0.609375 0.03125 0.0234375
8 0.90078125 0.5703125 0.0328125 0.021875
8 0.52734375 0.58828125 0.028125 0.0203125
1 0.64296875 0.934375 0.028125 0.08125
8 0.5390625 0.478125 0.0265625 0.0203125
1 0.66953125 0.9359375 0.025 0.0796875
8 0.2578125 0.496875 0.03125 0.021875
8 0.346875 0.47265625 0.0296875 0.021875
8 0.6796875 0.5984375 0.0296875 0.0203125
8 0.53203125 0.54765625 0.03125 0.025