1 0.7546875 0.80078125 0.0171875 0.053125
5 0.359375 0.421875 0.034375 0.18125
5 0.76171875 0.071875 0.034375 0.021875
5 0.7796875 0.10078125 0.0421875 0.0203125
5 0.490625 0.38515625 0.0140625 0.04375
1 0.821875 0.0421875 0.0515625 0.028125
5 0.82265625 0.04296875 0.05 0.028125
1 0.73515625 0.2078125 0.0265625 0.021875
5 0.59609375 0.93359375 0.0359375 0.0328125
5 0.58984375 0.53046875 0.0171875 0.25
1 0.33203125 0.25625 0.0171875 0.0546875
1 0.68828125 0.34765625 0.0140625 0.0609375
1 0.1765625 0.72421875 0.0359375 0.034375
5 0.778125 0.9203125 0.04375 0.0421875
1 0.77109375 0.71640625 0.0203125 0.05
5 0.5453125 0.5703125 0.0609375 0.053125