8 0.99609375 0.3390625 0.0078125 0.0234375
8 0.95546875 0.00859375 0.0109375 0.0171875
8 0.9890625 0.06328125 0.0109375 0.04375
8 0.7046875 0.80546875 0.01875 0.0109375
8 0.0265625 0.98671875 0.0234375 0.0265625
8 0.990625 0.2265625 0.01875 0.0484375
8 0.98046875 0.24609375 0.0359375 0.0625
8 0.96796875 0.01796875 0.0109375 0.0328125
8 0.8421875 0.0140625 0.021875 0.028125
8 0.96953125 0.2859375 0.0421875 0.0609375
8 0.71875 0.69453125 0.0265625 0.01875
8 0.9921875 0.3734375 0.015625 0.0375
8 0.85859375 0.128125 0.0234375 0.0453125
9 0.56875 0.2875 0.065625 0.0328125
8 0.421875 0.240625 0.0296875 0.0234375
8 0.559375 0.69609375 0.03125 0.0203125
8 0.50625 0.6078125 0.028125 0.0203125
8 0.121875 0.39375 0.0125 0.040625
8 0.740625 0.53203125 0.025 0.0421875
8 0.33515625 0.3234375 0.04375 0.0265625
8 0.196875 0.26640625 0.0296875 0.0203125
8 0.6140625 0.32578125 0.0234375 0.01875
8 0.0828125 0.2703125 0.0265625 0.01875
8 0.92734375 0.16328125 0.0234375 0.04375
8 0.8921875 0.203125 0.025 0.04375
8 0.91015625 0.0671875 0.0171875 0.034375
8 0.415625 0.59453125 0.0328125 0.0203125
8 0.72265625 0.3515625 0.0265625 0.01875
8 0.88125 0.1296875 0.025 0.0453125
8 0.7984375 0.321875 0.0140625 0.046875
8 0.95625 0.31171875 0.028125 0.0390625
8 0.8609375 0.36171875 0.0265625 0.01875
9 0.16640625 0.18984375 0.0515625 0.10625
8 0.3390625 0.26015625 0.03125 0.0234375
8 0.13828125 0.5140625 0.021875 0.046875
8 0.9484375 0.153125 0.025 0.0453125
8 0.13046875 0.69765625 0.0265625 0.0390625
8 0.9171875 0.20390625 0.028125 0.04375
8 0.85859375 0.06484375 0.0234375 0.04375
8 0.21171875 0.63125 0.028125 0.0359375