3 0.24765625 0.2625 0.0171875 0.03125
1 0.29375 0.46484375 0.090625 0.30625
8 0.27421875 0.96875 0.0921875 0.0609375
8 0.53125 0.45546875 0.0703125 0.0859375
8 0.62265625 0.87421875 0.084375 0.1046875
8 0.23203125 0.696875 0.0859375 0.090625
8 0.2046875 0.62578125 0.084375 0.09375
8 0.25078125 0.89296875 0.0875 0.115625
8 0.60390625 0.7734375 0.0828125 0.0953125
8 0.5890625 0.490625 0.0734375 0.084375
8 0.5453125 0.5984375 0.090625 0.1109375
8 0.23984375 0.79140625 0.090625 0.1015625
8 0.58203125 0.67265625 0.0890625 0.10625
4 0.021875 0.7984375 0.0328125 0.03125
5 0.025 0.096875 0.05 0.1140625
3 0.47265625 0.1109375 0.009375 0.0453125
3 0.46875 0.0796875 0.0125 0.040625