4 0.2046875 0.88828125 0.0046875 0.0265625
4 0.153125 0.884375 0.0046875 0.01875
4 0.1890625 0.88671875 0.00625 0.0234375
3 0.34296875 0.2984375 0.00625 0.009375
3 0.74375 0.43359375 0.0078125 0.0078125
3 0.53359375 0.68125 0.00625 0.009375
3 0.459375 0.7421875 0.00625 0.009375
4 0.98984375 0.66796875 0.015625 0.0078125
4 0.76875 0.64765625 0.0125 0.0109375
4 0.9109375 0.6515625 0.0140625 0.0125
4 0.9453125 0.66796875 0.015625 0.0109375
3 0.3609375 0.8171875 0.00625 0.009375
3 0.6171875 0.4421875 0.0078125 0.009375
3 0.86640625 0.46171875 0.009375 0.0109375
4 0.60390625 0.621875 0.015625 0.0125
4 0.4546875 0.45546875 0.0140625 0.0109375
8 0.05703125 0.60234375 0.046875 0.0328125
8 0.74453125 0.5421875 0.0421875 0.03125
8 0.42890625 0.56796875 0.040625 0.0328125
3 0.53359375 0.6625 0.00625 0.009375
3 0.52578125 0.6703125 0.0078125 0.009375
3 0.5234375 0.68125 0.0078125 0.009375