3 0.76171875 0.63046875 0.009375 0.0078125
3 0.59375 0.79296875 0.00625 0.0078125
3 0.76796875 0.64453125 0.009375 0.0109375
4 0.27421875 0.471875 0.0125 0.0125
3 0.78046875 0.63046875 0.0078125 0.0078125
3 0.66875 0.5765625 0.0078125 0.009375
4 0.27421875 0.4578125 0.0125 0.0125
3 0.20390625 0.5671875 0.00625 0.009375
3 0.390625 0.340625 0.00625 0.009375
3 0.428125 0.371875 0.00625 0.009375
4 0.9421875 0.978125 0.0140625 0.0125
3 0.58125 0.76796875 0.0078125 0.0109375
3 0.7265625 0.59609375 0.009375 0.0109375
4 0.01328125 0.35234375 0.0125 0.0109375
3 0.85859375 0.7203125 0.009375 0.009375
4 0.43984375 0.6015625 0.009375 0.0125
4 0.66171875 0.7703125 0.0125 0.01875
4 0.0203125 0.3328125 0.0140625 0.0125
4 0.36328125 0.53359375 0.0125 0.0109375
4 0.41875 0.578125 0.0125 0.009375
4 0.9734375 0.8515625 0.015625 0.015625
8 0.2 0.33984375 0.0359375 0.0453125
8 0.603125 0.603125 0.0421875 0.053125
8 0.6875 0.73515625 0.0359375 0.0453125
3 0.77421875 0.61640625 0.0109375 0.0109375
3 0.81171875 0.64453125 0.009375 0.0109375
3 0.81015625 0.65546875 0.0078125 0.0109375