4 0.8609375 0.265625 0.00625 0.01875
4 0.78046875 0.73359375 0.015625 0.0234375
4 0.84921875 0.5625 0.0140625 0.021875
3 0.38203125 0.26875 0.00625 0.015625
4 0.9421875 0.33828125 0.0109375 0.0140625
4 0.915625 0.40078125 0.0125 0.0171875
4 0.79921875 0.6890625 0.015625 0.021875
3 0.328125 0.20390625 0.00625 0.0140625
3 0.5171875 0.2359375 0.0046875 0.0125
4 0.81640625 0.6453125 0.0125 0.01875
4 0.815625 0.959375 0.0125 0.01875
3 0.33359375 0.18671875 0.00625 0.0109375
4 0.7828125 0.728125 0.0125 0.01875
4 0.90859375 0.4171875 0.0140625 0.015625
3 0.3578125 0.25390625 0.00625 0.0140625
4 0.803125 0.6796875 0.0140625 0.01875
4 0.92421875 0.38203125 0.0125 0.0140625
4 0.79296875 0.70703125 0.015625 0.0203125
3 0.34453125 0.2453125 0.0046875 0.015625
4 0.84609375 0.56953125 0.0140625 0.0171875
4 0.77578125 0.74296875 0.0140625 0.0171875
8 0.9015625 0.14765625 0.01875 0.0359375
8 0.946875 0.275 0.01875 0.0375
8 0.93125 0.31015625 0.0234375 0.0421875
8 0.96796875 0.22265625 0.01875 0.0328125
8 0.91015625 0.36484375 0.0234375 0.0453125
8 0.1546875 0.77265625 0.0328125 0.0328125
8 0.93515625 0.06796875 0.021875 0.0390625
8 0.890625 0.71328125 0.0296875 0.0609375
8 0.859375 0.4890625 0.0234375 0.046875
8 0.84609375 0.265625 0.025 0.04375
8 0.86484375 0.22265625 0.0265625 0.0421875
8 0.9875 0.18046875 0.0203125 0.0390625
8 0.8046875 0.3546875 0.0234375 0.046875
8 0.76015625 0.4421875 0.025 0.053125
8 0.896875 0.315625 0.0234375 0.046875
8 0.87109375 0.68828125 0.0296875 0.0546875
8 0.40390625 0.78359375 0.0328125 0.0578125