1 0.7015625 0.38203125 0.0875 0.090625
8 0.47734375 0.98515625 0.0265625 0.0296875
8 0.98671875 0.05078125 0.0265625 0.1015625
3 0.7875 0.28671875 0.0109375 0.015625
3 0.78515625 0.27734375 0.009375 0.0171875
8 0.99609375 0.17421875 0.0078125 0.05625
3 0.046875 0.0484375 0.015625 0.021875
3 0.23203125 0.31484375 0.0109375 0.0265625
3 0.23828125 0.3125 0.0140625 0.025
3 0.6 0.8703125 0.009375 0.01875
3 0.48359375 0.075 0.0078125 0.0203125
3 0.21015625 0.28828125 0.0125 0.021875
3 0.2890625 0.28203125 0.009375 0.0234375
3 0.053125 0.0328125 0.0140625 0.0234375
3 0.4546875 0.10546875 0.0125 0.0265625
3 0.18984375 0.278125 0.0109375 0.021875
9 0.79609375 0.3578125 0.078125 0.0859375
3 0.075 0.275 0.0140625 0.0234375
3 0.1421875 0.25625 0.0125 0.025
1 0.38203125 0.690625 0.04375 0.14375
8 0.396875 0.88203125 0.034375 0.1296875
8 0.82109375 0.11640625 0.05625 0.0453125
8 0.015625 0.3625 0.03125 0.0578125
8 0.9234375 0.09140625 0.040625 0.0828125
1 0.7234375 0.409375 0.0734375 0.090625
8 0.96796875 0.06953125 0.03125 0.078125
8 0.8953125 0.1171875 0.0359375 0.0765625
9 0.596875 0.48203125 0.153125 0.134375
8 0.6328125 0.3578125 0.0234375 0.0875
8 0.721875 0.31328125 0.0546875 0.05
8 0.9171875 0.284375 0.046875 0.0484375
8 0.6015625 0.3515625 0.0234375 0.0859375
8 0.27734375 0.896875 0.040625 0.1203125
8 0.97734375 0.24453125 0.0453125 0.0578125
8 0.6625 0.60859375 0.0484375 0.078125
8 0.86953125 0.31484375 0.0515625 0.059375
8 0.68671875 0.35546875 0.0515625 0.04375
8 0.515625 0.9015625 0.046875 0.09375
8 0.40703125 0.54765625 0.0578125 0.04375
8 0.2359375 0.76171875 0.0484375 0.0953125
8 0.19609375 0.6703125 0.0515625 0.090625
8 0.1484375 0.43203125 0.0671875 0.06875
8 0.284375 0.49375 0.059375 0.05625
8 0.06796875 0.40234375 0.05625 0.0578125
8 0.90703125 0.2359375 0.0515625 0.05625
8 0.48515625 0.53046875 0.05625 0.05625
8 0.0390625 0.46171875 0.0546875 0.0625
8 0.2140625 0.48359375 0.059375 0.0640625
8 0.2015625 0.55625 0.075 0.08125
8 0.29375 0.63125 0.05625 0.065625
8 0.10234375 0.503125 0.0578125 0.0609375
8 0.56640625 0.78046875 0.053125 0.10625
8 0.33515625 0.56953125 0.059375 0.065625
8 0.90625 0.971875 0.0296875 0.05625
3 0.97734375 0.56015625 0.0140625 0.0171875
3 0.97265625 0.55546875 0.0078125 0.0125
3 0.95625 0.56640625 0.009375 0.0140625