1 0.39375 0.59453125 0.0390625 0.096875
9 0.00703125 0.25703125 0.0140625 0.0671875
5 0.509375 0.759375 0.0328125 0.09375
8 0.571875 0.190625 0.0203125 0.0625
8 0.6015625 0.178125 0.01875 0.0546875
8 0.46484375 0.909375 0.040625 0.046875
3 0.58125 0.6890625 0.0046875 0.0109375
3 0.44765625 0.65078125 0.0046875 0.009375
3 0.42734375 0.57734375 0.0046875 0.0140625
3 0.4375 0.54609375 0.0046875 0.00625
3 0.409375 0.45546875 0.0078125 0.0109375
3 0.4625 0.4390625 0.00625 0.0109375
3 0.546875 0.1703125 0.0046875 0.0125
3 0.5671875 0.16171875 0.0078125 0.0140625
5 0.57109375 0.0375 0.0203125 0.046875