3 0.69609375 0.1890625 0.009375 0.0359375
3 0.84609375 0.2078125 0.0171875 0.0296875
3 0.81171875 0.11875 0.0140625 0.0390625
7 0.584375 0.56796875 0.0703125 0.1171875
11 0.746875 0.28828125 0.0640625 0.0984375
3 0.74296875 0.734375 0.015625 0.0265625
3 0.75625 0.7203125 0.0140625 0.0203125
3 0.63046875 0.71171875 0.0109375 0.0421875
3 0.1234375 0.49140625 0.01875 0.0296875
3 0.71171875 0.92734375 0.015625 0.021875
3 0.92890625 0.40546875 0.0171875 0.0140625
3 0.9140625 0.4203125 0.015625 0.025
3 0.815625 0.115625 0.009375 0.0328125