3 0.7234375 0.46015625 0.0125 0.034375
3 0.6984375 0.4484375 0.0140625 0.0296875
3 0.70859375 0.47578125 0.0125 0.03125
8 0.46484375 0.6375 0.0359375 0.1265625
8 0.1859375 0.728125 0.0390625 0.1453125
8 0.5515625 0.60390625 0.0421875 0.1375
8 0.3765625 0.68046875 0.0359375 0.14375
8 0.5953125 0.59375 0.04375 0.125
8 0.5109375 0.628125 0.0421875 0.1390625
8 0.6359375 0.57109375 0.04375 0.1296875
8 0.82421875 0.5203125 0.05625 0.11875
8 0.41796875 0.65703125 0.0421875 0.15
8 0.01796875 0.803125 0.0359375 0.165625
8 0.68515625 0.5734375 0.053125 0.140625
8 0.5390625 0.89765625 0.1046875 0.1140625
8 0.125 0.73828125 0.0453125 0.1546875
8 0.2328125 0.7171875 0.0421875 0.165625
8 0.78359375 0.54375 0.059375 0.13125
8 0.45234375 0.34140625 0.0671875 0.0625