3 0.41875 0.546875 0.009375 0.0171875
8 0.6953125 0.95 0.0265625 0.096875
8 0.67578125 0.42578125 0.028125 0.10625
8 0.63828125 0.46015625 0.028125 0.0984375
8 0.4421875 0.8046875 0.071875 0.1
8 0.65 0.875 0.028125 0.128125
8 0.59765625 0.7078125 0.028125 0.1234375
8 0.54921875 0.60546875 0.028125 0.109375
8 0.559375 0.38125 0.0265625 0.1109375
8 0.596875 0.17578125 0.0265625 0.1234375
3 0.49375 0.32109375 0.0078125 0.0140625
3 0.653125 0.28671875 0.0125 0.0234375
3 0.40859375 0.471875 0.009375 0.021875
3 0.1734375 0.54609375 0.009375 0.021875
3 0.18046875 0.546875 0.0140625 0.0140625
3 0.29921875 0.2625 0.009375 0.015625
3 0.42890625 0.05 0.0078125 0.0265625
3 0.81796875 0.64609375 0.0125 0.021875
3 0.825 0.64140625 0.0125 0.028125
3 0.83046875 0.68359375 0.0171875 0.015625
3 0.86875 0.63125 0.015625 0.0125
3 0.86484375 0.64375 0.0125 0.0125
3 0.8359375 0.875 0.0109375 0.0203125
4 0.50625 0.73515625 0.0234375 0.015625
3 0.41875 0.915625 0.0109375 0.025
3 0.25859375 0.18828125 0.0140625 0.009375
3 0.2609375 0.19765625 0.015625 0.009375
8 0.73203125 0.10078125 0.028125 0.1015625