3 0.44140625 0.490625 0.009375 0.0265625
3 0.4265625 0.45390625 0.0109375 0.025
8 0.42421875 0.13984375 0.0546875 0.0734375
8 0.49609375 0.73203125 0.05625 0.075
8 0.54453125 0.43984375 0.0578125 0.078125
8 0.365625 0.5359375 0.05625 0.084375
8 0.4578125 0.23828125 0.0546875 0.075
8 0.56171875 0.49609375 0.0515625 0.071875
8 0.390625 0.58828125 0.065625 0.0859375
8 0.28046875 0.25 0.0578125 0.0734375
8 0.4484375 0.67578125 0.065625 0.090625
8 0.446875 0.1828125 0.05625 0.071875
8 0.29375 0.30703125 0.0515625 0.071875
8 0.403125 0.64375 0.059375 0.08125
8 0.5 0.33515625 0.05625 0.0765625
8 0.31171875 0.371875 0.065625 0.084375
8 0.35 0.48828125 0.059375 0.0765625
8 0.47890625 0.2859375 0.0546875 0.078125
8 0.24921875 0.19921875 0.0546875 0.05625