5 0.6234375 0.06484375 0.096875 0.0703125
1 0.64375 0.821875 0.125 0.15625
8 0.15625 0.02421875 0.0296875 0.046875
8 0.16328125 0.97265625 0.0328125 0.053125
8 0.209375 0.34609375 0.0296875 0.1125
8 0.296875 0.36171875 0.034375 0.04375
8 0.3078125 0.25390625 0.046875 0.0375
8 0.21875 0.03984375 0.0265625 0.078125
8 0.83125 0.340625 0.046875 0.0359375
8 0.92265625 0.084375 0.0546875 0.0421875
8 0.134375 0.6671875 0.0328125 0.1140625
8 0.21484375 0.17578125 0.0296875 0.103125
8 0.196875 0.7359375 0.034375 0.1140625
8 0.85703125 0.16015625 0.0546875 0.0421875
8 0.20390625 0.50546875 0.025 0.0875
8 0.1484375 0.3265625 0.0328125 0.1109375
8 0.1171875 0.92265625 0.040625 0.1078125