8 0.6734375 0.00546875 0.0125 0.0109375
8 0.38984375 0.4390625 0.0234375 0.01875
8 0.0953125 0.41015625 0.0234375 0.0203125
8 0.26953125 0.47734375 0.025 0.01875
8 0.41875 0.20078125 0.0109375 0.040625
8 0.97109375 0.41875 0.0359375 0.021875
8 0.83125 0.7890625 0.021875 0.034375
8 0.1640625 0.60234375 0.0265625 0.01875
8 0.97265625 0.2796875 0.0265625 0.0203125
8 0.78359375 0.42578125 0.0265625 0.0203125
8 0.88125 0.81484375 0.0375 0.0484375
8 0.7578125 0.13203125 0.0234375 0.0375
8 0.13125 0.48203125 0.0265625 0.0203125
8 0.08671875 0.4484375 0.028125 0.021875
8 0.77421875 0.39140625 0.0265625 0.0203125
8 0.19609375 0.15234375 0.0203125 0.0390625
8 0.79453125 0.9359375 0.0234375 0.04375
8 0.2140625 0.8953125 0.021875 0.04375
8 0.79609375 0.8390625 0.0234375 0.0390625