3 0.4734375 0.46953125 0.0078125 0.0171875
8 0.7609375 0.4734375 0.0671875 0.075
8 0.19140625 0.44609375 0.04375 0.05625
8 0.6546875 0.83828125 0.0578125 0.06875
8 0.55078125 0.28984375 0.0484375 0.05625
1 0.46796875 0.75234375 0.0890625 0.096875
8 0.04453125 0.72421875 0.0421875 0.05625
8 0.0359375 0.65234375 0.0453125 0.0625
8 0.24140625 0.47421875 0.046875 0.0578125
8 0.97734375 0.2875 0.0390625 0.04375
8 0.26015625 0.7203125 0.0515625 0.05625
8 0.640625 0.30078125 0.05 0.0578125
8 0.7859375 0.1015625 0.046875 0.0484375
8 0.5328125 0.61171875 0.0515625 0.059375
8 0.7984375 0.53671875 0.046875 0.0546875
8 0.3578125 0.47890625 0.046875 0.059375
8 0.40234375 0.0625 0.04375 0.053125