3 0.28984375 0.03828125 0.0125 0.0234375
8 0.63359375 0.02734375 0.0203125 0.0546875
8 0.92265625 0.5265625 0.0546875 0.0359375
8 0.6328125 0.56875 0.025 0.1125
8 0.465625 0.39296875 0.0546875 0.0375
8 0.14921875 0.290625 0.0515625 0.0390625
8 0.62578125 0.76328125 0.0234375 0.0890625
8 0.55 0.88203125 0.03125 0.1015625
8 0.57109375 0.37109375 0.0234375 0.10625
8 0.56171875 0.63125 0.0265625 0.1140625
8 0.634375 0.315625 0.0265625 0.1046875
8 0.43515625 0.0671875 0.04375 0.0515625
8 0.6328125 0.17265625 0.0234375 0.084375
8 0.615625 0.92109375 0.0328125 0.1140625
8 0.2578125 0.39609375 0.0546875 0.0390625
8 0.565625 0.03828125 0.021875 0.0765625