8 0.428125 0.98046875 0.021875 0.0375
8 0.171875 0.29140625 0.0640625 0.0546875
8 0.44296875 0.0546875 0.0421875 0.0359375
8 0.46953125 0.55546875 0.05625 0.0421875
8 0.17890625 0.215625 0.0703125 0.0703125
1 0.5875 0.88359375 0.0359375 0.1359375
8 0.57578125 0.69296875 0.025 0.090625
8 0.578125 0.43671875 0.0234375 0.096875
8 0.58046875 0.31171875 0.021875 0.08125
8 0.58671875 0.1640625 0.0203125 0.08125
8 0.578125 0.565625 0.0234375 0.09375
8 0.553125 0.003125 0.04375 0.0046875
8 0.2984375 0.0953125 0.0390625 0.0359375
8 0.23828125 0.1046875 0.0375 0.0390625